[gd_scene load_steps=3 format=3 uid="uid://b3kw53yl7pgj2"]

[ext_resource type="ArrayMesh" uid="uid://c48mnbtrpwgqj" path="res://test.obj" id="1_14gxq"]

[sub_resource type="Environment" id="Environment_i5mwc"]
background_mode = 1
background_color = Color(0.192157, 0.192157, 0.192157, 1)

[node name="Node3D" type="Node3D"]

[node name="MeshInstance3D" type="MeshInstance3D" parent="."]
transform = Transform3D(0.999566, 0.029459, 0.00094679, 2.98023e-07, -0.0321261, 0.999484, 0.0294744, -0.99905, -0.0321119, 4.76837e-07, -4.76837e-07, -2.38419e-07)
mesh = ExtResource("1_14gxq")

[node name="Camera3D" type="Camera3D" parent="MeshInstance3D"]
transform = Transform3D(0.999566, -0.00213707, 0.0293628, 0.0218641, 0.721796, -0.69176, -0.0197158, 0.692103, 0.721529, -1.03639, -1.67337, 3.90782)
environment = SubResource("Environment_i5mwc")

[node name="DirectionalLight3D3" type="DirectionalLight3D" parent="."]
transform = Transform3D(0.999566, 0.0294591, 0.000946712, 1.78837e-07, -0.032126, 0.999484, 0.0294743, -0.99905, -0.032112, 0.032604, 0.0165939, 4.55761)

[node name="DirectionalLight3D2" type="DirectionalLight3D" parent="."]
transform = Transform3D(0.999566, 0.0294591, 0.000946712, 1.78837e-07, -0.032126, 0.999484, 0.0294743, -0.99905, -0.032112, -2.45434, -7.15023e-07, 2.53931e-09)

[node name="DirectionalLight3D" type="DirectionalLight3D" parent="."]
transform = Transform3D(0.999566, 0.029459, 0.00094659, 2.98005e-07, -0.0321259, 0.999484, 0.0294742, -0.99905, -0.032112, 2.1239, 1.29397, -1.29452)
